1014
999
993
1015
947
1036
1006
989
976
994
1007
964
1013
972
1018
941
994
978
1012
1028
990
960
957
1011
1078
994
1022
900
1049
993
1048
1000
977
979
1021
954
1034
1033
1017
1040
1080
1027
998
1059
1035
996
976
997
984
992
952
984
995
907
1022
984
973
1007
931
939
944
992
989
955
1002
983
989
993
922
1021
977
994
994
971
1019
975
1016
1034
1019
1011
930
1003
996
978
991
971
955
990
999
980
987
998
1017
1011
1004
958
994
967
1046
1043
984
997
1023
1030
942
1035
1060
944
1012
1035
1001
1039
1024
980
974
953
1039
1013
982
1012
1049
1012
1003
1006
992
978
1000
1057
1033
998
996
945
1005
973
979
978
941
1023
1021
962
998
964
947
971
971
996
1005
1003
963
932
1005
1017
962
930
993
996
1008
963
1027
958
955
1043
1008
1023
1011
1036
953
971
954
956
987
991
967
976
941
956
996
1016
938
892
974
1058
959
984
995
979
1065
1007
962
968
1033
948
1106
924
1012
1033
997
992
1087
1003
1006
951
982
972
972
958
989
986
964
1008
1001
997
920
1053
931
1010
924
989
983
1009
974
1039
1034
974
975
981
960
988
932
959
1022
1015
960
944
1014
981
955
995
976
987
989
940
962
971
906
952
952
883
1030
1025
997
1047
992
988
972
1006
1004
949
965
926
981
984
920
964
991
942
1004
987
956
1051
1007
996
960
980
986
1049
998
988
1016
965
965
1009
1016
1010
1020
1022
1046
956
1035
1053
980
995
954
1046
1007
1048
981
955
974
1037
993
1007
985
972
976
942
1029
920
1006
1006
957
918
904
972
946
991
929
978
944
976
981
1019
1032
926
935
1015
970
995
1003
1004
916
1001
927
1069
958
1004
976
962
984
972
970
1008
990
941
940
1006
1056
1043
1025
939
972
958
958
1005
1005
1022
1019
929
974
955
945
981
958
1014
1042
1027
953
1008
1001
944
1005
1030
1025
977
948
998
946
919
1015
935
975
974
982
1025
1058
1163
1363
1592
1910
2233
2454
2712
3045
2936
3107
3116
3321
3350
3380
3450
3407
3415
3546
3507
3547
3449
3456
3448
3529
3634
3531
3499
3558
3536
3593
3495
3587
3476
3481
3597
3506
3552
3583
3541
3581
3585
3555
3541
3496
3551
3624
3535
3634
3563
3526
3523
3519
3502
3425
3547
3621
3615
3575
3523
3527
3661
3553
3486
3635
3555
3579
3567
3570
3623
3523
3597
3620
3571
3561
3536
3609
3594
3570
3542
3614
3521
3629
3603
3579
3595
3609
3530
3531
3536
3572
3576
3561
3534
3549
3531
3596
3565
3547
3587
3560
3535
3475
3593
3482
3611
3573
3514
3421
3559
3615
3576
3572
3600
3586
3590
3633
3487
3664
3572
3516
3569
3523
3614
3525
3596
3493
3542
3612
3577
3602
3585
3519
3557
3457
3485
3524
3505
3546
3591
3454
3527
3632
3597
3483
3452
3456
3469
3457
3368
3373
3345
3312
3194
3216
2976
2887
2574
2344
2127
1982
1618
1451
1329
1208
1075
1030
1024
1032
936
952
970
1000
981
973
993
975
907
975
993
1049
1014
983
960
949
1015
963
949
1046
956
1021
948
976
1043
943
1064
1004
975
942
1010
994
1047
981
1030
944
993
1033
926
989
951
1006
978
902
999
1000
1001
982
1042
987
1036
1038
1054
980
883
989
1067
1030
1031
987
888
951
963
978
951
956
855
970
928
967
950
950
970
1046
972
937
965
955
950
967
946
1012
968
1006
943
955
1007
984
969
1045
947
1025
957
998
937
998
908
1028
918
966
962
998
1009
950
1010
1008
987
963
1021
980
1041
1031
1003
961
931
1005
975
1086
999
972
1011
1035
976
962
998
1011
991
1005
1006
1003
940
1128
935
960
961
993
986
937
1043
1016
1033
903
961
941
1010
974
971
974
966
1001
968
949
1008
963
1011
1005
983
1018
964
980
968
930
923
1011
1023
944
975
973
1035
1035
989
990
918
1067
1033
1016
1028
977
1015
969
1011
963
964
1019
1036
947
1041
950
941
964
952
958
978
1020
976
976
985
1002
926
995
924
1003
1012
1006
960
927
1003
976
1035
996
938
899
907
974
884
996
1008
948
977
936
980
989
992
846
973
978
973
961
951
1000
1035
995
960
939
958
981
943
1023
945
956
993
991
973
932
963
1035
1050
939
1023
968
953
1024
992
963
1005
996
995
1005
958
946
988
972
963
974
1028
987
1010
1004
924
1007
1030
1005
1010
978
1007
977
983
995
952
960
1039
956
946
920
985
980
965
1016
982
949
946
948
951
924
969
934
992
953
1006
991
1045
1010
945
959
972
992
959
909
1099
993
972
982
1042
953
991
1027
946
989
970
992
945
987
989
1028
944
1004
911
1010
1028
935
970
1025
996
1013
937
922
992
1001
1063
973
954
1027
929
932
989
947
991
