1004
988
1002
991
952
1003
973
980
944
1003
991
986
1020
991
970
981
1072
962
945
990
963
985
1008
992
988
1004
980
1011
989
1027
980
987
1004
984
984
984
985
951
1008
1009
1000
1080
967
934
944
930
1035
1006
965
993
979
928
979
1049
1035
1054
1031
961
1051
1005
1006
982
1041
914
932
1034
999
967
960
992
953
967
960
915
992
1029
1006
995
982
930
1001
960
1005
1055
977
1032
992
990
972
1019
988
1024
1095
993
996
965
995
979
991
995
980
1043
1032
1089
936
869
1026
996
967
1059
1008
977
949
956
994
1035
989
1020
949
981
937
979
1030
1021
1019
944
929
990
1011
987
946
1017
1028
975
939
967
1027
1070
961
988
959
973
903
940
978
1051
1032
994
947
1044
980
970
1004
970
960
992
927
944
978
1058
921
1012
954
1061
1070
979
1048
1023
1107
1013
1070
1012
935
969
994
960
983
960
1032
982
955
971
988
940
985
1017
950
1002
1004
950
1035
933
943
976
1023
996
994
950
998
1061
968
1010
998
974
946
966
922
898
934
984
945
927
964
970
926
996
1023
977
923
971
1076
941
971
1016
986
994
1010
942
956
971
999
1007
1010
969
1055
906
1043
931
1020
1034
981
948
919
973
979
961
1031
970
1017
935
1059
1132
1016
964
1012
947
982
990
947
1018
1023
974
1031
958
952
978
984
935
983
918
937
994
1039
993
987
1029
987
980
1018
1014
1008
1039
991
967
927
966
923
970
958
1020
1013
956
971
1016
953
976
958
971
921
1010
971
955
1014
962
947
1023
1006
1006
1000
1048
974
987
944
965
976
1007
979
1027
1059
931
936
984
996
960
1023
1013
1017
1030
984
1022
956
967
954
996
1019
970
956
1054
997
994
972
1022
927
976
941
979
1025
950
1011
947
990
911
1042
1017
943
930
926
1053
1013
1053
1089
1070
1072
1045
1068
1057
1115
1072
1209
1210
1184
1223
1284
1305
1120
1223
1317
1378
1380
1443
1491
1596
1643
1791
1725
1769
1724
1927
2043
2006
2164
2240
2404
2388
2559
2609
2812
2707
2745
2912
3155
3079
3173
3236
3228
3372
3491
3435
3545
3464
3455
3474
3472
3478
3468
3526
3411
3528
3589
3523
3529
3560
3507
3503
3476
3504
3550
3544
3633
3568
3573
3523
3430
3655
3542
3454
3526
3659
3574
3536
3536
3516
3544
3434
3595
3505
3651
3569
3476
3501
3519
3551
3637
3569
3578
3601
3596
3512
3582
3593
3681
3635
3605
3472
3552
3556
3649
3571
3568
3625
3544
3639
3631
3506
3502
3590
3632
3662
3552
3615
3521
3523
3580
3512
3588
3586
3670
3535
3478
3615
3504
3528
3549
3576
3507
3590
3591
3522
3529
3554
3569
3551
3560
3505
3602
3516
3553
3577
3512
3654
3524
3566
3513
3470
3505
3519
3569
3517
3512
3506
3608
3484
3417
3385
3470
3361
3267
3156
3109
2936
2944
2812
2637
2510
2310
2127
2056
1867
1705
1600
1459
1349
1269
1254
1077
1161
1064
1103
1035
1029
938
964
1023
935
970
1030
980
909
1028
975
1001
934
984
989
960
982
968
950
972
977
957
1010
991
956
973
950
965
977
969
1060
984
986
903
956
975
989
1048
974
996
945
979
1006
928
1035
940
975
904
932
1001
966
1043
1014
971
1030
932
1010
1001
1014
997
956
986
1010
970
995
992
937
986
951
989
1033
942
955
972
1020
981
952
1011
982
992
986
985
906
966
994
969
970
978
1009
985
944
973
999
1018
1023
971
952
1047
957
1000
1002
1024
1009
959
1037
1003
965
904
1011
1024
1022
972
979
1014
973
981
986
994
1009
1037
963
981
979
1103
976
1036
968
1034
927
1017
997
1005
985
1063
969
1003
979
971
1026
970
1063
941
952
903
946
983
1041
1020
999
983
1001
901
952
966
964
965
928
924
934
965
1066
971
997
1024
1017
1012
982
996
993
998
1036
1029
948
901
987
921
1008
968
977
1003
943
936
940
1039
936
1023
1038
960
958
1036
940
936
1031
990
1019
988
1021
1013
994
1012
993
970
987
933
1008
1041
941
927
976
957
1010
987
952
1046
936
977
986
920
990
1026
944
967
976
1033
1035
1019
1008
1031
980
996
1023
1009
1009
983
978
922
1029
1048
986
1011
1051
1047
1036
1033
995
994
1028
1019
1063
1008
982
971
997
953
974
983
961
947
996
946
1027
987
983
1016
979
1041
1003
950
983
948
953
993
988
1028
1020
964
1031
1012
1032
987
954
987
1040
1039
1030
987
1006
949
963
971
968
982
955
903
1066
974
972
989
898
973
994
1025
957
1030
1036
972
1072
999
910
1055
1014
1036
924
985
980
1019
956
995
1055
1013
983
994
994
984
974
997
962
1012
969
992
954
1002
1018
1008
1022
1032
1003
954
1067
1008
1008
1023
999
957
1016
985
959
973
982
959
971
