1012
979
972
985
971
1084
1039
1093
997
1013
1052
975
965
1047
943
943
973
1103
1002
995
1009
1015
1012
1007
1003
1043
1038
1001
1020
971
1014
949
993
1009
1039
957
987
1101
966
1071
1009
931
969
872
971
1010
1027
960
1000
998
995
1044
984
925
1084
972
1066
961
1030
950
1039
1034
990
960
1090
1061
1069
944
993
1003
978
1039
968
1076
977
1011
1001
938
1027
1006
1051
954
976
993
1002
1065
1070
1020
1013
1002
962
1021
1009
1032
964
911
1012
970
1037
977
982
981
1027
998
1039
1086
950
1079
994
1026
996
940
1022
939
990
960
995
1027
956
949
997
949
1022
1003
964
1000
982
945
963
916
982
910
952
982
989
985
969
896
982
1036
950
999
953
979
1002
998
1020
930
990
981
997
925
1024
967
1019
930
979
963
1080
1008
1002
1003
1058
1064
991
1019
988
953
944
999
971
992
1105
1001
935
983
1017
1007
971
961
1011
995
984
995
966
987
960
1083
961
915
989
958
977
957
979
961
988
1048
982
951
941
973
1050
1060
980
960
1050
1006
952
1006
980
1030
1038
1010
875
974
1015
974
962
1002
998
995
1032
1074
998
1017
1012
985
881
915
974
976
1029
1011
917
1008
964
1061
1003
968
969
978
974
1002
956
963
902
982
1026
923
977
972
995
992
963
993
953
913
1034
1012
972
1042
1009
950
1012
989
925
1005
967
993
915
988
984
1024
1017
912
984
964
983
1046
1005
1016
1049
992
1013
1013
1013
944
1006
1009
970
961
1006
1004
913
959
1002
1020
957
934
1008
855
1023
915
975
984
956
919
992
1023
1052
1004
1033
997
951
946
971
944
1028
1042
1007
991
1000
1009
972
997
1055
1001
1049
1054
1088
987
1051
1084
1011
1067
1060
1016
1049
1068
1138
1092
1092
1179
1155
1149
1112
1265
1140
1136
1241
1256
1149
1271
1221
1275
1359
1293
1342
1240
1307
1350
1336
1456
1313
1468
1472
1400
1453
1578
1492
1456
1629
1658
1628
1653
1566
1605
1729
1944
1912
1801
1784
1785
1871
2002
1987
2127
2083
2175
2178
2201
2299
2159
2350
2317
2471
2411
2599
2678
2662
2807
2798
2892
2868
2897
3026
3013
3117
3115
3186
3118
3212
3184
3356
3174
3319
3311
3324
3312
3424
3403
3403
3286
3343
3420
3356
3460
3395
3345
3399
3340
3308
3420
3352
3541
3515
3441
3435
3419
3549
3544
3488
3436
3436
3556
3425
3561
3422
3450
3396
3504
3459
3505
3491
3404
3489
3504
3526
3418
3544
3588
3586
3492
3607
3531
3443
3456
3515
3535
3485
3523
3492
3522
3543
3489
3526
3435
3487
3369
3574
3383
3485
3376
3401
3408
3398
3384
3410
3363
3367
3338
3289
3302
3344
3408
3302
3290
3285
3215
3209
3196
3195
3108
3056
3076
2974
2914
2905
2837
2944
2862
2821
2835
2913
2792
2672
2763
2734
2608
2631
2584
2590
2611
2440
2499
2294
2289
2318
2236
2231
2246
2252
2055
2082
2127
1907
1904
1747
1763
1761
1674
1521
1515
1500
1458
1463
1471
1415
1334
1433
1313
1276
1304
1228
1264
1264
1223
1251
1173
1164
1052
1073
1088
1079
1012
1069
1080
1131
1098
1020
1029
1063
1038
951
1016
998
973
1040
1020
937
1005
1002
1072
950
970
924
1001
1019
1041
973
986
1024
1043
970
1004
1006
1025
1063
975
1031
1043
956
996
956
1020
1003
1023
971
980
952
1002
947
924
954
983
1021
1009
972
954
1027
996
972
950
1015
960
931
1041
967
987
925
967
1024
934
951
1016
972
992
939
978
997
929
1023
988
998
977
948
999
1002
958
948
1006
998
947
962
910
980
975
1010
1059
1082
1008
1033
982
966
974
941
996
963
958
952
1018
985
974
968
975
937
966
922
947
969
967
991
974
946
1042
970
985
949
976
929
988
968
1029
887
1050
947
964
1017
1056
966
992
1026
1000
941
996
968
1078
1010
1027
940
1011
959
1000
1038
987
979
968
1046
932
1060
1014
1031
972
943
1029
1024
1033
1006
976
984
959
1072
917
954
1017
1009
988
970
969
1000
981
987
1007
958
961
1000
968
944
963
1000
976
944
969
977
941
1031
1005
923
980
992
973
959
915
1045
955
975
960
975
954
990
967
992
975
1000
1019
950
985
987
1036
938
975
993
974
959
1000
981
941
962
992
964
1080
1023
973
958
977
1012
975
1047
995
992
963
1042
971
987
999
1085
1045
1014
968
1034
995
953
1028
966
1017
1062
994
947
989
968
1017
1004
1008
955
1020
1008
1053
1010
982
944
1004
964
989
980
961
1042
1009
943
1001
970
925
957
991
937
987
955
956
990
898
980
1025
935
908
945
980
938
1087
962
1023
1033
940
920
920
1036
959
959
953
973
1017
983
1010
986
974
960
968
947
964
985
1023
1013
1068
963
976
984
959
996
945
1054
988
962
1047
973
987
1037
1009
1063
968
1023
999
