984
997
1019
994
1049
989
1027
1006
1099
944
922
978
1009
997
977
1005
1024
1019
986
1037
919
915
1029
993
936
1000
1009
900
1045
994
999
1041
1023
939
981
998
935
1027
1013
967
940
1022
1011
1000
949
1027
973
981
1027
977
999
1049
1008
947
891
993
1035
934
935
1035
1054
1001
978
1064
1003
1062
983
956
1031
1046
993
969
1030
1001
1007
933
983
987
983
1002
934
1000
1011
966
1033
1011
1013
1018
1071
1008
978
1010
1023
950
983
969
935
951
951
976
934
974
974
936
979
888
974
927
944
957
956
975
1014
1000
996
992
994
984
971
1012
978
1004
992
1008
1039
975
979
998
1041
984
1016
985
1051
931
1027
1057
989
940
938
1003
958
1001
980
1020
1001
978
961
970
1044
972
1014
993
973
928
1015
984
1014
969
1023
969
982
971
996
1010
928
912
972
976
988
1058
1039
937
980
935
952
1038
950
916
968
999
1032
1019
1038
978
969
996
989
968
1011
1056
968
972
988
1031
994
1004
990
1059
1013
982
1018
928
1020
1048
960
998
946
959
967
1052
993
962
943
978
993
970
1002
1005
1001
945
941
923
973
1030
999
1031
1025
934
1024
944
1000
987
1022
961
968
932
966
1018
986
907
1015
952
967
1018
973
1014
959
963
982
995
967
1039
985
1021
971
978
998
962
990
1008
972
968
976
992
991
1016
995
959
1028
1012
1026
985
999
999
908
885
980
965
969
973
971
894
990
1024
1007
995
952
973
974
1023
973
994
1004
1019
1001
997
969
1001
913
1040
1043
1016
963
1047
1080
1033
1006
1011
1019
1051
1068
991
1048
1040
1144
1013
1039
1015
1062
1028
1054
1086
1057
1088
1066
1060
1205
1109
1143
1019
1111
1126
1107
1049
1200
1105
1124
1132
1140
1021
1160
1163
1113
1206
1165
1195
1250
1218
1250
1210
1226
1257
1197
1303
1267
1224
1251
1320
1365
1516
1417
1359
1421
1487
1452
1423
1348
1544
1521
1486
1607
1569
1645
1518
1656
1656
1639
1607
1831
1809
1731
1825
1820
1892
1866
1785
1939
2028
2148
2055
1923
1855
1817
1972
2033
2140
2120
2253
2303
2413
2519
2474
2560
2492
2583
2688
2570
2667
2735
2769
2727
2817
2777
2694
2884
2840
2841
2940
2910
2944
2802
2944
2818
3046
2996
3020
3000
3074
3105
3046
3110
3136
3216
3123
3181
3029
3168
3150
3299
3202
3339
3191
3150
3137
3076
3230
3293
3209
3244
3130
3190
3292
3251
3142
3142
3291
3208
3406
3191
3137
3108
3074
3143
3207
3184
3208
3294
3211
3173
3219
3235
3110
3398
3308
3261
3152
3079
3162
3005
3056
3077
2911
3019
3030
3072
3059
3018
2863
2939
2939
2924
2792
2810
2737
2822
2713
2791
2878
2761
2688
2651
2614
2579
2546
2545
2588
2580
2449
2602
2536
2528
2453
2490
2324
2344
2230
2152
2197
2337
2233
2220
2187
2047
1991
2072
2059
2078
2054
2113
1860
1986
1968
1917
1909
1727
1796
1812
1827
1738
1739
1773
1727
1761
1640
1567
1570
1458
1500
1377
1425
1462
1376
1390
1450
1216
1455
1288
1389
1351
1281
1364
1262
1328
1196
1377
1311
1241
1248
1196
1331
1233
1319
1304
1154
1216
1158
1142
1086
1114
1112
1075
978
1094
1034
1089
1062
1110
1142
1006
1083
1051
1142
1079
1113
1084
1098
1028
1046
969
1091
1012
1108
1050
1004
1021
1010
1008
992
962
1023
1023
984
1008
1019
1014
979
955
1033
966
1038
1001
1024
1000
1032
1026
968
1000
1024
1020
967
952
988
1027
1015
1030
958
1027
968
1013
1039
969
1030
1044
1013
970
1024
952
1057
1076
955
969
947
995
973
997
1019
1037
965
958
952
972
925
990
971
992
1010
965
987
981
979
970
910
965
982
964
915
1001
1001
991
934
995
1031
929
1034
969
889
971
917
996
941
989
964
1039
965
1010
985
947
977
963
979
1005
941
1059
972
1035
1006
945
984
971
940
985
980
990
998
931
1087
952
977
964
1016
1006
1031
1052
932
1016
1053
1004
986
925
1039
999
999
950
964
1040
971
978
1036
932
963
1016
1012
996
992
1032
1035
1002
1000
936
951
984
973
913
919
939
1027
1029
1039
973
1038
935
970
994
1027
972
972
1004
904
1079
971
1017
993
939
975
967
966
935
1028
988
951
962
1035
946
980
967
963
972
957
940
922
970
1008
949
1047
981
972
887
968
947
988
1010
994
996
977
1030
1008
897
948
960
1018
1038
1042
949
1023
954
966
1048
982
1067
1006
1014
983
1002
988
928
983
1002
1028
1020
1067
940
963
1008
1010
897
1021
927
1046
968
1026
965
1046
1054
1006
1042
918
935
992
959
993
937
1006
985
979
1039
966
1014
1003
985
1004
1024
982
1001
995
1017
983
999
1003
1088
1046
1009
973
976
948
967
1052
999
1050
935
1039
924
973
990
928
924
948
1068
975
1028
962
1016
998
1032
1042
1015
941
967
1037
947
966
