1018
1007
1002
975
1055
972
925
950
1012
1034
1017
1021
1006
1029
954
973
978
959
955
1000
1006
1025
957
916
985
1048
964
1016
961
1061
1060
988
914
984
1025
1058
1095
977
1018
1007
1020
951
1038
966
980
1068
1008
1032
1005
993
1001
1035
972
994
967
1014
1043
1010
968
1002
986
1004
970
1014
1019
982
1019
1043
996
1004
1037
941
974
952
993
1011
934
1014
980
913
945
955
1057
941
1018
1036
971
1028
910
994
992
936
955
1070
953
923
937
1017
1010
963
944
968
1029
1001
992
1044
999
942
1006
949
938
1031
1013
994
975
977
961
951
922
1029
982
1056
1013
977
964
1018
938
970
1043
972
934
949
961
1034
1015
945
1004
1011
1032
980
966
989
999
1017
884
1002
974
960
1008
933
891
961
984
979
995
980
1039
1012
964
980
969
941
1016
947
899
926
1000
967
1003
988
915
982
966
1037
1035
1029
988
952
997
968
967
1037
1039
1019
1022
952
1023
1027
1033
941
976
999
961
986
1047
1007
984
985
942
1008
971
1051
975
1081
1058
993
1034
996
987
973
951
1024
979
982
995
950
1004
967
980
975
1033
975
980
1006
943
908
915
987
951
923
914
1003
1021
949
991
1008
998
978
983
943
1063
982
968
1020
983
1030
984
946
994
941
997
945
981
1025
959
1030
1049
1007
1037
949
992
985
947
980
944
984
1005
1057
1008
1017
1023
1003
1037
944
1112
984
973
983
1054
1067
972
1036
1059
1031
1113
1023
1026
1021
1004
1086
1122
1105
1015
1045
1094
1137
1065
997
1066
1061
1032
1063
1077
1080
1097
1087
1064
1094
1139
1050
1024
1097
1055
1082
1158
1055
1056
1036
1005
1041
1090
1030
1095
1192
1075
1200
1194
1130
1130
1162
1235
1251
1244
1267
1254
1180
1269
1218
1197
1294
1321
1259
1265
1263
1308
1303
1335
1324
1340
1310
1394
1340
1267
1337
1480
1411
1299
1402
1417
1422
1457
1388
1404
1391
1509
1507
1452
1608
1473
1632
1510
1629
1735
1526
1649
1688
1730
1685
1671
1723
1685
1647
1613
1961
1788
1748
1872
2019
1959
1816
1831
1972
2007
2032
2038
2166
2094
2190
2159
2138
2171
2275
2248
2341
2314
2440
2302
2329
2334
2280
2220
2428
2484
2371
2552
2578
2624
2645
2564
2693
2611
2627
2544
2572
2743
2699
2710
2750
2817
2901
2801
2781
2961
2822
2812
2987
2792
2906
2867
2912
2974
2964
2975
3056
2884
2893
2886
2890
3046
2883
2851
2948
2790
2918
2990
2996
2936
2897
2902
2828
2783
2921
2900
2874
2927
2923
2843
2785
2899
2790
2724
2671
2749
2826
2742
2765
2864
2683
2835
2598
2552
2576
2638
2641
2539
2696
2576
2420
2672
2545
2509
2467
2412
2497
2513
2606
2345
2464
2540
2390
2239
2419
2385
2321
2302
2292
2289
2304
2231
2224
2216
2185
2259
2259
2215
1986
2093
2068
1962
1959
1835
2023
2204
2063
1910
2066
1908
1924
1962
1870
1812
1859
1702
1678
1740
1816
1701
1773
1638
1678
1651
1603
1545
1715
1625
1618
1699
1595
1642
1606
1574
1496
1523
1499
1467
1480
1458
1452
1520
1519
1559
1393
1344
1352
1351
1371
1250
1255
1328
1278
1286
1311
1291
1280
1231
1343
1288
1203
1201
1281
1202
1185
1211
1312
1225
1192
1173
1230
1293
1223
1116
1131
1100
1087
1244
1180
1168
1224
1178
1147
1068
1021
1128
1196
1247
1023
1090
1200
1081
1095
1090
1076
1112
1090
1001
1034
1128
1046
1113
968
1021
1110
1002
1095
1029
1023
1016
997
1031
1111
1052
1062
1044
1059
1075
1057
1035
1031
1036
1016
967
1073
1035
1043
1068
1067
1023
1038
1042
992
1054
1049
966
1062
1028
1073
963
1036
1010
984
933
1128
960
1063
1074
984
987
953
1025
1003
996
902
948
982
1017
960
973
1005
989
1004
982
965
987
987
1019
1016
1025
965
968
1024
904
1004
985
981
971
1066
979
978
989
1059
963
963
984
987
962
972
1024
1044
998
999
997
992
1044
1056
1011
1054
974
1028
1009
1061
1014
1018
1017
958
1016
958
1004
935
1059
1021
962
1052
1024
1008
991
935
951
963
948
987
936
1009
991
950
971
950
1040
1010
952
992
963
944
993
1018
1003
1020
982
971
982
983
935
977
1037
1003
998
947
1038
1036
914
988
959
933
960
949
984
990
967
964
964
972
974
1004
1015
1035
972
1013
942
941
1037
1029
947
942
964
1018
991
993
1023
980
1047
966
975
977
955
1012
929
991
989
950
985
978
1001
1002
1003
1075
1029
996
1027
1040
1010
893
1040
986
966
1036
977
931
983
927
1011
980
920
964
987
976
957
987
983
973
984
1010
999
980
977
961
1007
987
992
993
953
1011
963
1011
933
1047
940
1023
991
966
1008
1031
1055
1037
962
1003
988
1033
1020
971
944
1053
966
974
999
957
917
967
989
948
1027
952
975
961
995
978
965
970
971
953
987
993
984
968
999
982
995
978
948
923
976
1002
