1004
937
952
1005
988
952
976
953
974
1000
1005
1012
990
992
967
971
994
1003
1038
944
953
941
1037
984
1030
1022
957
950
978
1001
971
1057
1011
999
972
1017
947
978
1016
1013
891
1019
1012
983
969
961
996
993
884
983
960
982
975
944
923
977
979
1005
1047
1016
1000
956
988
1008
1010
1003
991
945
1052
989
1006
1014
999
1008
983
980
1026
1050
988
1002
1034
980
1027
1002
1036
994
996
999
1004
963
1001
1023
1006
1009
991
1006
960
1020
913
1014
1018
1018
1028
1004
1033
1044
917
958
1027
970
915
990
1034
1065
1011
1057
974
908
957
1020
974
1003
919
995
1013
945
978
975
956
974
961
1004
948
933
976
999
1003
979
966
980
945
926
975
1069
971
983
1002
993
967
1049
925
997
1103
984
994
960
1008
1038
993
966
905
998
914
1070
1028
1006
1011
994
938
964
940
1015
1003
989
972
991
1006
975
998
978
1003
984
980
988
982
975
1017
986
1000
1004
984
992
930
948
1023
948
914
1052
978
986
983
1030
1002
1009
1020
1002
972
995
973
1022
1071
917
933
1088
1033
1023
1038
1011
879
980
1081
1011
995
1021
977
975
1008
1051
966
1037
977
977
994
1018
871
923
978
963
1057
1034
971
953
980
961
1034
1055
1029
1014
1039
1096
1022
1031
1062
1004
1043
966
997
1099
997
1012
1014
1086
973
1088
1097
1083
1096
975
1052
1053
975
1017
1004
1097
1102
1134
1201
1129
1091
1056
1016
1044
1120
1070
1160
1151
1118
1074
1101
1151
1134
1197
998
1089
1097
1116
1111
1186
1234
1168
1128
1126
1159
1179
1103
1134
1162
1134
1173
1177
1196
1193
1268
1191
1245
1183
1181
1200
1222
1186
1132
1209
1252
1279
1304
1356
1316
1347
1405
1319
1332
1365
1291
1422
1394
1443
1464
1484
1491
1504
1358
1438
1462
1381
1483
1451
1411
1498
1523
1395
1433
1510
1489
1574
1534
1451
1460
1580
1504
1576
1574
1459
1456
1522
1577
1551
1680
1589
1562
1616
1617
1697
1565
1584
1700
1670
1790
1756
1727
1784
1794
1962
1764
1818
1865
1900
1974
2006
1967
1947
1832
1893
1963
1892
1922
1984
2008
2112
2075
2113
2134
2066
2201
2228
2161
2249
2107
2176
2226
2323
2250
2321
2279
2214
2086
2325
2381
2333
2411
2266
2496
2406
2395
2328
2304
2420
2433
2521
2597
2485
2412
2654
2534
2611
2513
2516
2406
2310
2416
2513
2393
2552
2429
2427
2384
2565
2475
2544
2577
2614
2478
2471
2550
2581
2611
2519
2460
2509
2596
2524
2557
2514
2445
2633
2459
2552
2496
2393
2453
2524
2379
2370
2503
2412
2416
2527
2271
2236
2190
2300
2334
2207
2297
2303
2288
2259
2125
2165
2243
2217
2200
2076
2245
2278
2179
2095
2189
2112
2022
2103
2016
1986
2088
1853
2099
2079
1963
1853
2074
1897
1933
1968
1944
1894
2092
1952
1979
1983
1986
2005
1899
1903
1977
1842
1844
1899
1903
1806
1724
1645
1657
1668
1689
1564
1665
1618
1644
1502
1617
1507
1518
1610
1543
1495
1491
1605
1642
1476
1513
1520
1461
1611
1608
1631
1589
1442
1480
1376
1348
1347
1444
1433
1354
1351
1370
1482
1429
1331
1373
1409
1293
1444
1372
1454
1335
1379
1395
1286
1254
1285
1251
1209
1287
1212
1284
1303
1350
1374
1260
1256
1255
1240
1244
1220
1221
1255
1313
1296
1223
1282
1141
1178
1170
1240
1151
1054
1126
1125
1284
1076
1016
1086
1047
1124
1137
1162
1032
1081
971
1003
1058
1096
1127
1033
1059
1083
1099
1139
1043
1002
1057
1099
1062
1073
1040
1100
1000
1079
1095
961
1016
966
952
960
1035
1040
1087
1023
1071
995
1061
1023
1068
1041
1015
1041
931
1059
1024
1027
981
1055
1017
1027
957
1021
896
1016
979
993
968
1033
951
1002
1006
1045
1120
1066
1009
1095
957
1094
960
991
975
939
1003
962
987
926
968
927
1019
1014
1023
979
917
1000
936
1009
1000
1039
986
1004
1010
910
1030
1035
976
940
942
939
948
1038
947
953
1001
932
967
1001
1049
993
930
977
996
973
1101
992
1043
998
1074
1054
963
1010
996
975
985
995
1038
877
1028
1082
1016
944
996
967
972
932
1002
966
972
945
1052
975
1013
1014
936
988
973
999
972
943
955
927
1009
998
968
960
1008
972
994
933
1050
956
1019
929
938
980
955
981
999
954
977
1053
932
1029
1041
963
984
990
1029
987
976
896
986
992
978
949
919
975
1097
964
1025
918
1014
929
1010
972
974
965
1011
910
982
943
1021
1025
940
984
1014
953
992
963
982
1011
976
1002
1044
991
1017
992
961
972
949
989
1011
948
1062
969
949
972
961
1012
943
1028
960
1026
1034
984
1054
959
1034
971
979
923
1021
961
901
951
908
912
924
983
988
935
995
1007
947
929
996
943
1011
1010
956
988
953
1004
1080
984
990
977
991
979
1008
1019
993
976
944
1017
978
962
1065
979
970
1000
929
932
1039
999
1031
1090
