982
959
1003
919
932
979
930
939
1017
1002
998
965
912
907
958
971
979
1014
975
1099
978
1009
1012
1012
1011
1024
924
984
985
1025
950
1013
973
1008
1074
984
1041
998
1020
1073
1027
1045
1047
1014
1008
1010
1031
1011
914
968
964
952
982
1050
1009
1032
977
1018
1025
988
1011
971
993
1033
929
945
995
940
941
1114
1018
928
950
915
941
935
1025
1032
1004
959
993
943
1072
978
977
991
984
1002
919
969
1022
972
1111
1005
916
936
943
960
939
919
988
924
996
1046
1001
1026
1021
947
989
1030
995
1012
952
972
1085
1041
929
1041
988
1018
1114
960
925
1064
961
940
920
957
997
929
927
1069
924
1025
1008
1022
1013
923
1012
965
953
921
981
951
948
974
966
1042
954
992
951
983
992
1004
985
974
983
915
980
1004
971
936
993
921
945
1007
948
965
959
928
977
1022
939
1002
1030
1052
1015
1006
1006
1068
1017
1009
986
1014
1022
966
943
1031
1024
1001
999
980
1072
1053
1028
982
1048
979
1052
1006
966
985
1033
1049
1000
938
993
994
963
999
1014
970
1012
1044
976
1053
948
963
924
1063
1026
984
983
1014
1066
1005
998
997
987
1003
1032
996
1032
1008
960
1057
953
1070
1059
988
1046
1058
1028
1007
1066
1091
1027
1043
1039
1017
1054
950
1001
1011
1073
1035
1083
1159
1054
1043
1080
1094
1081
1068
1008
1028
979
1063
1162
1060
1126
1107
1010
1047
1169
1032
1110
1052
999
1152
1102
1167
1142
1127
1106
1057
1049
1093
1124
1110
1120
1123
1146
1161
1057
1102
1162
1080
1138
1129
1115
1189
1103
1185
1192
1182
1184
1186
1199
1218
1140
1238
1176
1287
1212
1226
1171
1231
1289
1224
1159
1148
1221
1264
1235
1341
1383
1366
1296
1446
1344
1372
1408
1315
1471
1436
1515
1284
1379
1565
1422
1488
1443
1386
1427
1452
1361
1367
1385
1528
1472
1479
1437
1512
1540
1475
1544
1511
1563
1528
1631
1534
1638
1670
1701
1509
1687
1624
1599
1573
1696
1812
1828
1918
1844
1902
1804
1801
1790
1865
1831
1904
1985
1976
1911
1856
1830
1884
1867
2054
2091
2046
1908
1946
2012
1959
2048
2032
2094
2062
2222
2104
2248
2063
2165
2197
2106
2173
2268
2327
2277
2339
2305
2240
2267
2237
2185
2301
2334
2192
2451
2135
2304
2097
2262
2140
2276
2224
2181
2217
2235
2362
2294
2277
2236
2241
2255
2271
2261
2299
2114
2234
2183
2259
2245
2294
2432
2383
2291
2233
2344
2253
2260
2222
2233
2250
2201
2275
2083
2275
2241
2324
2220
2274
2176
2039
2252
2204
2208
2254
2219
2185
2201
2169
2023
2223
2292
1999
2125
2184
2145
2129
2224
2224
2095
2080
1923
1982
2016
1908
1889
2023
1952
2026
1956
1994
1953
2002
2059
1959
2069
1993
1841
1977
1935
1913
1966
1923
1877
1899
1961
1932
1895
1739
1755
1808
1702
1638
1703
1640
1870
1744
1735
1772
1634
1587
1648
1624
1609
1521
1513
1586
1571
1645
1553
1491
1464
1553
1632
1599
1549
1452
1547
1478
1485
1574
1437
1403
1592
1531
1360
1395
1284
1393
1342
1350
1404
1475
1303
1390
1266
1436
1273
1309
1428
1407
1295
1151
1240
1310
1339
1347
1295
1236
1249
1276
1286
1265
1269
1341
1244
1249
1192
1252
1249
1244
1293
1249
1239
1217
1190
1203
1258
1227
1196
1226
1283
1182
1268
1181
1219
1164
1214
1200
1147
1158
1078
1163
1077
1145
1161
1198
1084
1174
1132
1056
1115
1075
1031
1055
1095
1110
1126
1087
1042
1091
1005
1012
1068
1070
978
1077
1013
1064
1086
1046
1120
1018
991
1024
975
1025
1070
1034
1081
1099
995
1096
1099
1007
1009
1066
1078
1032
1054
1018
1012
942
967
1063
1102
994
967
1059
925
1037
935
968
1026
961
1040
977
1039
995
1025
972
979
997
1056
1062
1052
1007
1055
1059
994
1046
953
1028
1099
1054
1036
916
993
1036
1027
1022
1026
982
1011
1049
1100
1039
1001
995
982
1033
991
1023
1029
976
1012
986
1035
987
967
918
903
1005
1016
1019
1007
990
965
974
950
1046
932
1023
992
989
995
973
986
1004
1003
990
1003
1029
947
998
963
1022
1007
977
971
1017
1024
967
988
929
972
982
986
977
1039
975
964
976
1025
952
1004
1043
910
974
955
1016
954
950
990
1023
925
976
992
1030
1019
966
980
992
916
1054
940
996
972
941
1031
988
979
1001
907
1020
943
927
1011
1061
991
1015
1044
931
1029
981
974
952
961
975
968
1035
951
990
975
1045
942
983
1005
1003
966
917
908
925
939
990
1000
978
957
1000
1013
933
987
1020
968
988
990
932
972
993
1011
956
1022
937
1016
943
941
983
936
980
1009
1011
957
993
934
1032
969
1000
996
1041
984
968
1043
1006
1049
990
988
963
1016
992
1008
1077
1028
1038
1008
988
1049
1008
981
981
964
977
1011
997
999
978
1001
991
967
1025
941
965
984
956
975
904
1064
1024
909
1031
924
985
975
981
961
982
