968
984
1008
979
1022
968
964
963
990
993
984
1009
1030
1031
992
1004
965
1013
1024
942
990
1025
987
970
997
981
935
989
937
947
963
1015
981
961
956
988
1011
944
967
1009
1019
992
972
1009
1026
1017
1052
1016
1009
1027
961
998
1003
1017
938
1011
975
954
971
975
993
996
933
995
1027
988
979
1009
950
977
1044
973
972
1028
994
1019
1059
911
956
930
1019
988
976
953
995
988
1002
955
980
975
982
1020
913
987
972
1003
978
988
946
984
968
991
982
981
959
1017
1014
992
992
856
990
1027
1070
993
992
1044
1028
984
959
992
952
983
1064
1000
926
1000
988
908
999
1035
997
1037
1025
1013
1015
1099
989
1021
958
952
1023
937
953
990
970
988
976
908
986
977
1002
1005
958
964
986
957
998
934
891
977
993
965
958
900
966
940
961
982
1052
955
975
1016
1015
1039
979
986
1008
976
974
977
1003
1004
980
993
1070
1000
1004
996
1021
1011
1004
974
1013
939
983
972
943
980
1022
1006
1059
998
1012
975
1046
967
995
986
1070
1000
950
1078
1077
1007
1003
1059
1001
995
1035
986
1044
1072
1031
1028
1026
1055
1063
1009
1028
1016
1011
1028
1066
1123
1053
1052
1135
1071
1060
1059
1061
1100
1094
1085
1086
1078
1056
1085
1132
1032
1068
1062
1050
1134
1019
1048
998
1005
1024
1041
1072
1023
1054
1077
1115
1155
1119
1082
1095
1125
1094
1140
1092
1067
1083
1118
1136
1116
1154
1054
1149
1142
1169
1094
1193
1241
1144
1153
1193
1116
1239
1228
1183
1164
1211
1234
1272
1180
1158
1250
1260
1207
1191
1160
1159
1165
1174
1146
1216
1240
1219
1160
1245
1185
1226
1218
1164
1222
1161
1294
1323
1294
1302
1375
1349
1262
1331
1322
1376
1311
1417
1492
1413
1432
1404
1349
1369
1369
1447
1471
1296
1440
1383
1539
1414
1372
1336
1397
1429
1429
1535
1369
1348
1436
1364
1419
1414
1457
1386
1488
1492
1521
1450
1549
1451
1484
1477
1590
1563
1546
1636
1498
1590
1496
1580
1624
1655
1578
1666
1647
1622
1692
1550
1747
1671
1750
1752
1645
1729
1755
1755
1678
1762
1776
1814
1809
1759
1759
1853
1807
1765
1777
1744
1695
1861
1751
1904
1891
1913
1948
1878
1871
1968
1875
2037
1992
2040
1893
1849
1895
1935
2032
1780
1822
1920
1888
1900
1862
1813
1803
1970
1953
1877
1965
1919
1940
2029
2123
1996
2059
2112
2107
1977
2056
1944
1939
1963
2014
2034
1984
2168
1953
1894
1976
1951
2066
1888
1928
2080
2039
2015
1892
2083
1954
1922
1823
1934
1933
1910
1867
2049
2017
2020
1891
1941
1882
1916
1910
1890
2019
1901
1947
1942
1914
1875
1782
1791
1951
1868
1858
1825
1879
1823
1797
1767
1912
1863
1831
1834
1881
1884
1923
1879
1813
1745
1795
1685
1717
1881
1716
1788
1819
1938
1623
1729
1708
1696
1616
1642
1583
1716
1769
1688
1633
1701
1627
1702
1524
1629
1648
1808
1650
1637
1676
1630
1639
1751
1581
1595
1520
1645
1528
1551
1517
1509
1596
1572
1530
1504
1569
1527
1529
1486
1500
1451
1433
1456
1471
1426
1497
1421
1347
1456
1475
1504
1486
1427
1355
1311
1415
1392
1369
1346
1343
1427
1255
1334
1442
1352
1273
1306
1268
1319
1282
1398
1375
1207
1359
1283
1263
1347
1326
1242
1231
1252
1212
1233
1286
1289
1304
1277
1254
1296
1312
1241
1283
1230
1224
1219
1260
1240
1154
1200
1208
1249
1202
1154
1221
1295
1135
1150
1263
1083
1203
1168
1139
1183
1182
1145
1115
1090
1155
1166
1188
1146
1236
1144
1114
1151
1054
1123
1084
1129
1072
1086
1125
1071
1057
1119
1093
1075
1102
1083
1123
1115
1056
1087
1046
1148
1094
1084
1057
1049
1048
1136
1015
1025
968
1043
1052
977
1018
1019
1031
1041
1055
995
1067
981
986
1007
1059
991
1032
1001
999
978
933
963
961
970
1043
1036
987
1043
1118
1034
1081
1077
1086
1071
1059
1113
1019
1025
1050
1084
1010
960
1084
1046
1082
1026
981
1023
998
1038
977
1013
1024
1055
964
969
1049
944
989
1013
979
989
928
1030
1055
1009
977
984
949
892
987
1022
1025
959
1035
999
959
1061
981
977
979
980
955
942
983
969
973
976
919
985
1009
916
954
950
917
959
948
995
975
940
1067
1004
956
909
1036
965
997
1041
998
951
1036
997
976
946
966
1015
940
1004
971
953
910
952
894
997
972
886
972
895
974
951
928
966
959
940
899
977
928
1021
929
955
942
1021
975
1004
984
926
1007
1016
1006
1032
1013
1005
1014
1015
1070
1029
1072
1020
1014
1020
968
1021
986
973
963
967
980
979
937
997
976
964
1038
927
988
942
953
955
940
1004
1039
946
983
1017
948
930
1032
1014
1004
954
1009
935
980
963
1036
971
980
978
1070
986
1008
994
1008
919
985
1025
1025
1004
1012
1006
1019
987
1010
1040
952
983
1010
1061
984
974
953
1014
928
926
923
984
1011
1019
992
969
950
920
1022
