1000
978
1048
1008
963
985
955
1038
1068
935
1019
1076
1053
1028
975
1044
1003
958
958
1001
987
1042
1028
916
1093
1038
1022
1015
985
1019
1048
996
949
996
952
979
929
998
967
1012
1032
1009
1023
963
996
998
988
998
972
1010
1026
1040
976
951
984
956
1042
1058
1036
1000
1126
1006
1048
1024
1008
1052
1005
1030
977
1028
1011
1023
1077
982
1031
972
1008
1024
1040
1039
963
977
958
1034
985
1001
1020
1052
926
942
1008
935
1011
1007
1060
974
969
992
1001
940
1013
1021
965
1007
990
897
969
1015
1062
1072
1024
986
1075
1038
1061
1014
937
977
934
1037
994
1044
1049
1012
983
1040
928
987
1049
908
1079
1022
1046
1019
944
1087
1001
975
952
914
974
1022
957
1088
1048
1016
1062
1004
1038
1012
965
926
995
979
995
1076
972
1034
991
1073
972
991
953
1078
1043
978
978
975
961
997
1033
1002
1052
996
978
947
984
1065
916
984
1055
1050
978
1094
1064
1047
996
1032
1007
960
991
1015
1021
1033
1028
1016
1077
1042
1051
1069
974
998
1015
1038
995
1065
999
1049
1003
1089
984
1060
968
1060
1075
1063
1007
1052
1100
1120
1115
993
1056
1063
1023
1191
1063
1148
1058
1152
1080
1035
1113
1088
1059
1092
1137
1064
1137
1101
972
1074
1094
1036
1124
1138
1107
1083
1171
1167
1140
1120
1096
1144
1129
1117
1183
1221
1108
1154
1097
1074
1119
1071
1153
1064
1134
1243
1206
1218
1182
1126
1168
1203
1134
1180
1197
1220
1169
1220
1224
1186
1203
1227
1195
1178
1274
1292
1259
1221
1230
1312
1159
1323
1370
1218
1342
1429
1266
1293
1323
1399
1393
1355
1365
1320
1217
1221
1251
1328
1274
1276
1283
1292
1241
1323
1300
1374
1279
1332
1377
1395
1323
1233
1314
1407
1295
1316
1395
1471
1453
1432
1349
1450
1407
1445
1409
1531
1454
1412
1528
1488
1582
1519
1464
1587
1630
1501
1518
1505
1561
1519
1665
1532
1536
1490
1574
1555
1567
1507
1527
1528
1627
1555
1718
1576
1613
1690
1703
1750
1651
1615
1656
1668
1684
1677
1673
1739
1681
1708
1782
1718
1597
1683
1700
1659
1672
1773
1804
1723
1681
1827
1705
1745
1644
1588
1688
1855
1597
1688
1703
1836
1744
1664
1641
1756
1699
1892
1823
1879
1879
1836
1971
1864
1827
1923
1951
1757
1811
2001
1834
1816
1979
1953
1804
1857
1830
1848
1841
1780
1811
1823
1847
1904
2007
2023
1931
1860
2004
1987
1824
1869
1928
1843
1906
1947
1875
1907
1848
1912
1907
1853
1991
1778
1867
1968
1901
1728
1835
1636
1768
1722
1802
1831
1877
1826
1847
1812
1727
1842
1791
1710
1762
1670
1745
1686
1683
1773
1740
1680
1731
1831
1749
1754
1788
1690
1697
1795
1753
1809
1707
1750
1660
1816
1755
1656
1546
1710
1670
1590
1646
1645
1665
1735
1602
1662
1549
1679
1751
1655
1576
1599
1552
1603
1620
1546
1482
1542
1565
1685
1624
1599
1595
1647
1570
1555
1589
1500
1514
1514
1510
1423
1499
1524
1341
1478
1476
1560
1441
1428
1450
1422
1404
1396
1449
1394
1501
1414
1438
1343
1372
1388
1372
1363
1466
1456
1391
1300
1314
1232
1341
1420
1363
1360
1325
1225
1313
1342
1355
1276
1230
1295
1287
1274
1165
1228
1184
1244
1316
1292
1217
1292
1193
1313
1215
1264
1294
1231
1218
1262
1177
1264
1287
1220
1166
1225
1292
1213
1191
1171
1193
1227
1267
1256
1203
1264
1158
1306
1131
1075
1188
1183
1164
1164
1150
1179
1109
1157
1192
1149
1229
1203
1179
1144
1116
1176
1108
1054
1188
1118
1078
1062
1185
1107
1095
1101
1092
1094
1067
1211
1091
1091
1143
1117
1141
1010
1055
1133
1131
1104
1044
1114
1058
1046
1032
1015
1050
1081
1105
1072
1136
1059
1121
1081
1084
1122
1105
1061
1106
1104
1039
1039
1113
1036
1060
1063
1093
1026
1134
1063
1033
1039
1082
1104
1042
1086
1088
1047
1003
1033
1090
1014
984
1035
1046
1038
1063
988
1018
1006
1016
1036
1014
988
985
977
994
1057
1015
1024
987
976
963
959
982
982
1017
1028
1011
1049
1036
1059
992
961
998
993
1009
1047
1007
1051
1058
950
1013
1049
1039
1042
1002
1004
1024
1020
1071
1029
1014
970
999
989
1020
1056
1085
944
971
1009
1042
1035
1020
970
1017
1090
1097
995
993
978
1015
866
995
977
1022
993
988
1042
982
1016
982
1004
970
1040
1000
949
941
996
1004
921
1023
999
959
969
989
987
1005
1014
945
937
978
1000
981
1003
1055
960
1001
1016
1002
1006
1098
1039
1033
988
1094
1059
1042
965
1023
953
939
958
974
931
984
948
995
991
1024
957
967
926
1017
962
1050
948
1010
935
944
985
957
959
983
984
964
945
968
991
944
990
906
985
962
922
961
991
904
988
979
962
962
992
961
938
896
973
990
931
963
944
934
995
992
954
942
978
1028
930
984
991
1015
1037
1033
1024
955
1029
959
989
1045
1039
990
979
1023
1040
1004
975
970
950
1051
949
959
1013
980
949
1008
915
1020
988
