977
989
996
944
1005
991
1009
924
959
1004
944
977
1014
966
1015
979
979
943
1025
999
917
1044
999
1057
925
965
1006
1040
963
954
1019
1033
1014
1052
941
1031
1025
1047
985
1002
929
1015
1056
982
966
1029
1011
975
950
1015
992
965
943
961
1007
978
1016
1030
941
1020
953
947
982
1009
1055
958
1013
985
1019
931
991
1027
1012
1024
988
970
1005
1077
992
970
976
948
974
987
943
979
983
975
999
998
990
1030
1031
1032
1009
980
1016
943
964
1052
983
1017
1036
1017
989
939
1043
999
1007
966
971
984
1008
973
1026
1001
1006
931
1060
980
998
973
996
1052
1004
1007
933
953
979
962
952
983
1024
952
981
945
1055
1011
1057
997
966
976
951
1021
976
998
1015
981
1017
1033
942
1010
986
1060
1027
1005
1003
1105
987
1065
977
991
1082
961
1008
1025
1018
985
1051
1002
1043
1012
977
919
1031
995
1050
1078
990
891
1019
1027
956
1002
1061
1012
985
994
1008
964
988
1086
1038
1040
1015
1036
1055
984
1090
1031
1132
1017
1041
1044
1017
1009
1041
1079
1022
1046
1079
1091
1089
1076
1068
1087
985
1142
1125
1030
1178
1045
1097
1089
1106
1128
1070
1153
1163
1164
1119
1120
1059
1158
1088
1091
1077
1122
1187
1078
1095
1116
1130
1167
1103
1112
1068
1071
1126
1110
1169
1143
1117
1110
1106
1190
1179
1125
1224
1202
1174
1162
1157
1117
1127
1260
1134
1124
1192
1193
1249
1169
1114
1233
1227
1228
1212
1224
1262
1229
1279
1220
1170
1188
1264
1182
1198
1224
1227
1255
1319
1256
1258
1311
1243
1324
1267
1313
1351
1295
1348
1302
1353
1325
1367
1296
1331
1342
1315
1363
1331
1413
1388
1420
1481
1455
1393
1490
1428
1430
1360
1321
1270
1233
1353
1415
1399
1419
1393
1452
1386
1379
1402
1395
1388
1330
1388
1449
1389
1359
1297
1332
1416
1527
1480
1449
1506
1403
1495
1551
1397
1392
1434
1348
1389
1475
1535
1530
1440
1507
1490
1552
1468
1452
1521
1620
1452
1548
1555
1519
1508
1571
1520
1663
1684
1580
1654
1634
1612
1683
1606
1599
1504
1563
1647
1615
1578
1529
1660
1608
1649
1729
1715
1638
1692
1708
1638
1641
1698
1601
1699
1715
1702
1687
1715
1764
1720
1788
1757
1677
1734
1787
1824
1581
1668
1785
1705
1714
1819
1736
1776
1798
1687
1747
1753
1803
1828
1681
1648
1674
1585
1685
1747
1696
1645
1639
1648
1706
1648
1692
1684
1580
1531
1551
1512
1568
1534
1642
1746
1657
1698
1663
1695
1676
1709
1724
1678
1700
1723
1621
1614
1562
1736
1642
1674
1625
1687
1609
1654
1683
1653
1726
1633
1681
1738
1728
1584
1700
1629
1718
1609
1666
1512
1533
1672
1578
1648
1620
1484
1682
1661
1566
1624
1577
1627
1585
1503
1539
1560
1476
1543
1558
1531
1492
1515
1470
1551
1625
1565
1632
1470
1609
1553
1573
1632
1497
1340
1413
1487
1434
1529
1491
1469
1452
1496
1412
1488
1457
1540
1551
1434
1468
1395
1392
1462
1373
1496
1404
1446
1423
1449
1432
1335
1296
1374
1291
1347
1303
1354
1305
1219
1295
1380
1343
1377
1306
1387
1326
1398
1160
1281
1260
1312
1407
1464
1294
1146
1200
1244
1328
1331
1285
1261
1272
1308
1288
1198
1213
1212
1282
1188
1184
1166
1179
1188
1186
1262
1242
1253
1246
1323
1169
1271
1244
1121
1159
1178
1283
1157
1286
1272
1181
1127
1193
1098
1167
1125
1138
1180
1138
1129
1073
1125
1107
1032
1124
1096
1077
1132
1133
1135
1148
1177
1120
1115
1159
1074
1103
1170
1164
1078
1169
1137
1201
1154
1048
1103
1077
1082
1073
1080
1078
1108
1204
1161
1141
1129
1030
1064
1106
1068
1082
1082
1061
1013
1018
1048
1068
1062
1120
1071
1062
1059
967
1043
1063
1011
1042
1029
1061
1011
1025
1063
1039
1030
976
1016
1051
1086
1100
1099
972
975
984
981
999
1004
994
1012
1009
980
1095
1023
1026
1066
1054
1058
1031
1067
1026
1110
1102
992
1036
990
1036
1032
1032
1065
1030
956
1084
998
975
974
976
985
981
1034
999
995
1032
1009
989
980
999
1069
995
1058
1007
978
1028
1051
968
972
995
979
1001
1027
965
918
984
981
971
942
1043
1003
1054
1010
1002
973
958
952
1045
1068
1008
947
954
985
924
940
1019
978
925
1036
992
912
977
1025
909
1001
973
1163
928
928
963
998
942
1014
946
982
949
978
923
1018
945
1012
956
976
999
929
1024
1034
978
1001
1004
964
941
940
933
1020
969
933
992
1055
979
963
1003
953
1042
996
937
1027
1016
987
972
1055
1007
1028
1046
876
1020
934
1039
1024
1008
1007
1036
951
1024
1036
1065
970
895
1026
1021
965
1134
975
1015
984
1012
924
1013
992
944
1008
1009
943
1017
1002
985
975
991
962
1047
974
980
1009
1029
1054
953
926
972
949
985
1004
963
964
997
972
985
1065
975
1101
994
1059
993
926
953
986
982
987
961
917
1004
975
982
1044
953
977
1050
959
926
997
963
989
934
927
971
