960
994
936
1017
1066
982
987
926
961
937
987
995
1023
1025
1009
939
924
959
957
939
994
1025
995
958
982
1019
964
1037
1016
1016
976
1034
1017
965
977
1063
996
1062
1064
972
1004
1021
1022
1075
990
1001
992
994
996
980
1071
1000
992
1010
1043
988
960
993
1020
1059
964
964
988
1025
1040
1002
966
995
945
999
978
997
1005
1028
995
1013
959
939
995
1035
1014
984
951
976
956
1027
953
1055
935
1027
989
961
994
937
1007
974
943
932
1010
1031
1125
950
1027
1023
1021
1014
965
993
984
1033
968
1143
1075
959
1039
965
993
968
1053
972
1039
1015
958
1001
980
1033
874
935
981
936
994
1025
1043
996
1059
929
961
1004
999
1007
1028
1000
1010
975
1021
954
965
1036
929
957
975
991
951
1001
1001
975
1012
1008
964
959
936
987
1038
994
980
992
988
996
1052
995
937
1013
1055
984
952
975
1019
988
1028
986
1029
996
976
1028
987
990
1016
1015
1000
1004
1007
976
1014
1055
1104
1014
1008
979
934
982
980
1008
1043
1020
915
1046
971
1038
1011
979
956
1037
1006
1032
945
973
983
935
962
996
1069
1059
997
997
1012
1016
1029
1029
1006
1024
918
977
1079
1052
1043
984
980
1002
999
1019
990
979
956
1036
987
996
975
1022
1033
982
982
961
977
1030
993
991
1024
979
1010
1009
1023
993
905
977
1001
954
991
1027
985
1020
943
947
1000
984
979
1020
1000
1015
1009
1024
1040
1003
1020
980
963
962
986
944
984
903
1025
1017
964
975
993
1071
1039
949
953
966
1013
983
1009
995
875
969
978
1017
925
975
921
935
1057
1058
955
965
1031
1032
1020
1030
994
1025
988
980
1032
982
977
959
1065
925
969
1057
911
1000
950
969
1025
1013
940
1004
992
971
996
993
996
972
937
989
949
975
963
985
979
1011
979
980
957
1008
999
960
991
997
959
985
936
935
968
1049
1015
970
1005
928
1008
984
985
995
964
999
1032
951
997
1037
1047
1160
1156
1295
1460
1750
1924
2209
2531
2735
2817
3086
3113
3236
3314
3428
3404
3411
3453
3403
3459
3527
3405
3456
3528
3540
3517
3542
3497
3526
3595
3561
3583
3702
3610
3647
3575
3564
3528
3555
3439
3526
3495
3553
3617
3540
3548
3476
3563
3591
3553
3497
3550
3521
3580
3529
3521
3500
3568
3647
3641
3597
3606
3523
3470
3534
3560
3587
3622
3558
3481
3611
3593
3556
3574
3548
3545
3589
3583
3584
3536
3572
3584
3467
3556
3483
3588
3515
3569
3629
3566
3576
3588
3620
3585
3562
3559
3599
3571
3511
3554
3598
3628
3529
3663
3625
3527
3438
3554
3599
3500
3593
3566
3524
3459
3527
3469
3518
3569
3554
3662
3481
3520
3519
3507
3546
3579
3509
3536
3627
3523
3608
3599
3487
3546
3620
3553
3577
3532
3569
3592
3623
3495
3504
3540
3612
3567
3468
3436
3472
3488
3441
3401
3327
3263
3251
3184
2968
2821
2742
2421
2108
1839
1741
1592
1373
1189
1145
1044
1022
972
995
987
1019
944
941
979
1068
930
985
995
995
958
1017
1004
944
984
1026
939
980
1024
968
1017
1033
902
991
983
1005
965
1019
1082
947
969
1020
988
1001
988
968
970
1011
993
986
996
1024
1063
998
975
1034
1019
1025
954
1002
960
986
948
972
1020
1046
965
926
997
1017
937
976
1009
1019
995
973
980
998
991
914
1017
998
1001
963
1003
997
1038
954
947
964
1008
970
973
1049
969
986
979
954
986
877
900
1012
987
957
994
1013
976
1022
1005
990
944
998
944
1036
959
984
963
1006
973
1035
1028
994
1022
969
920
947
1026
1007
975
1064
1038
994
991
996
986
1016
1034
984
967
976
929
1092
937
903
1047
943
988
995
991
930
943
1025
1001
975
961
987
1010
982
1004
1008
979
940
926
950
1043
960
942
928
931
984
952
972
949
956
1010
919
1030
1039
979
970
928
990
1031
980
987
982
927
1004
1060
974
987
974
980
970
968
1046
973
995
1005
962
1001
941
987
933
964
1022
1017
956
876
958
1028
1017
950
985
1015
903
973
970
991
930
975
923
934
958
953
974
914
1001
912
966
1034
944
983
933
1002
993
961
1027
992
1008
960
964
947
1017
956
1022
1022
993
952
1008
963
1049
942
968
999
1009
1041
967
1051
957
970
1019
964
956
947
1000
1067
990
1061
959
1002
987
946
1004
987
979
916
1020
1000
998
959
958
927
970
1030
966
947
922
1038
1002
951
913
985
1043
963
1007
960
1022
983
1047
978
975
918
977
960
949
991
1001
977
934
998
996
1008
965
966
979
1004
950
1012
975
1033
979
964
980
1017
1052
1002
973
985
914
901
1026
999
996
979
1032
976
961
1046
991
971
997
940
1011
978
920
1067
996
916
942
948
946
1035
978
971
1031
